#     Omega_sfdm_1, sfdm_parameters_1__1,          omega_b,               H0,                M,     Omega_Lambda,          Omega_m
 4.412496e-05	 9.998990e-04	-4.064504e-09	-9.563464e-04	-9.374378e-06	-4.552411e-05	 1.396935e-06	
 9.998990e-04	 2.512509e+00	 2.039076e-06	-7.510258e-01	-2.319465e-02	-2.118321e-03	 1.116678e-03	
-4.064504e-09	 2.039076e-06	 9.964224e-09	-3.118190e-07	-1.394408e-09	-1.787981e-08	 2.194361e-08	
-9.563464e-04	-7.510258e-01	-3.118190e-07	 4.503573e-01	 1.358422e-02	 1.620776e-03	-6.633899e-04	
-9.374378e-06	-2.319465e-02	-1.394408e-09	 1.358422e-02	 4.356184e-04	 2.940217e-05	-1.999643e-05	
-4.552411e-05	-2.118321e-03	-1.787981e-08	 1.620776e-03	 2.940217e-05	 4.795021e-05	-2.422356e-06	
 1.396935e-06	 1.116678e-03	 2.194361e-08	-6.633899e-04	-1.999643e-05	-2.422356e-06	 1.023888e-06	
