#     Omega_sfdm_1, sfdm_parameters_1__1,          omega_b,               H0,                M,     Omega_Lambda,          Omega_m
 4.462559e-05	 3.050722e-04	-8.935284e-09	-1.294003e-03	-2.062965e-05	-4.653969e-05	 1.911063e-06	
 3.050722e-04	 2.445510e+00	-4.318808e-06	-2.886853e-01	-9.022820e-03	-7.257407e-04	 4.199944e-04	
-8.935284e-09	-4.318808e-06	 9.889518e-09	 7.146332e-06	 2.401293e-07	-1.951415e-09	 1.090340e-08	
-1.294003e-03	-2.886853e-01	 7.146332e-06	 6.141222e-01	 1.869783e-02	 2.194601e-03	-8.991624e-04	
-2.062965e-05	-9.022820e-03	 2.401293e-07	 1.869783e-02	 5.948282e-04	 4.800318e-05	-2.732982e-05	
-4.653969e-05	-7.257407e-04	-1.951415e-09	 2.194601e-03	 4.800318e-05	 4.982176e-05	-3.276934e-06	
 1.911063e-06	 4.199944e-04	 1.090340e-08	-8.991624e-04	-2.732982e-05	-3.276934e-06	 1.363768e-06	
